Bits Occupancy
1 1.0
2 1.0
3 0.75
4 0.5
5 0.28125
6 0.171875
7 0.09375
8 0.05078125
9 0.025390625
10 0.0146484375
11 0.00830078125
12 0.005859375
13 0.0037841796875
14 0.0028076171875
15 0.00225830078125
16 0.00177001953125
17 0.0013275146484375
18 0.000865936279296875
19 0.0005130767822265625
20 0.0002880096435546875
21 0.000156402587890625
22 8.368492126464844e-05
23 4.363059997558594e-05
24 2.2470951080322266e-05
25 1.1235475540161133e-05
26 5.617737770080566e-06
27 2.808868885040283e-06
28 1.4044344425201416e-06
29 7.022172212600708e-07
30 3.511086106300354e-07
31 1.755543053150177e-07
32 8.777715265750885e-08
