Bits Occupancy
1 1.0
2 1.0
3 0.75
4 0.5
5 0.28125
6 0.171875
7 0.09375
8 0.05078125
9 0.025390625
10 0.0146484375
11 0.00830078125
12 0.005859375
13 0.0037841796875
14 0.0028076171875
15 0.00225830078125
16 0.00177001953125
17 0.00132751464844
18 0.000865936279297
19 0.000513076782227
20 0.000288009643555
21 0.000156402587891
22 8.36849212646e-05
23 4.36305999756e-05
24 2.24709510803e-05
25 1.12354755402e-05
26 5.61773777008e-06
27 2.80886888504e-06
28 1.40443444252e-06
29 7.0221722126e-07
30 3.5110861063e-07
31 1.75554305315e-07
32 8.77771526575e-08
